initial: 6
0.71976 0.00057 0.09156 0.18811 0.00000 0.00000

transition: 6
0.30876 0.00131 0.49333 0.00025 0.00000 0.19636
0.00079 0.20075 0.79737 0.00109 0.00000 0.00000
0.00037 0.49932 0.20148 0.29883 0.00000 0.00000
0.00001 0.20218 0.00001 0.59787 0.00000 0.19993
0.10510 0.00000 0.00000 0.00000 0.49650 0.39840
0.00006 0.39367 0.00000 0.00000 0.30061 0.30566

observation: 6
0.99518 0.49821 0.29800 0.09825 0.00021 0.09834
0.00249 0.00008 0.39996 0.09994 0.10336 0.09753
0.00233 0.00201 0.20071 0.80181 0.09020 0.30896
0.00000 0.49960 0.10129 0.00000 0.00324 0.39592
0.00000 0.00009 0.00004 0.00000 0.00187 0.09925
0.00000 0.00000 0.00000 0.00000 0.80111 0.00000
