initial: 6
0.71824 0.00253 0.09170 0.18753 0.00000 0.00000

transition: 6
0.29579 0.00846 0.50643 0.00048 0.00000 0.18884
0.19908 0.20112 0.59941 0.00002 0.00037 0.00001
0.00302 0.49621 0.20094 0.29979 0.00000 0.00003
0.00007 0.20247 0.00039 0.59761 0.00000 0.19947
0.10759 0.00000 0.00000 0.00000 0.49939 0.39301
0.00035 0.39392 0.00000 0.00000 0.30413 0.30160

observation: 6
0.69565 0.49752 0.30274 0.09996 0.00004 0.09685
0.00126 0.00072 0.39806 0.09966 0.10228 0.09742
0.30309 0.00016 0.20030 0.19615 0.09677 0.30270
0.00000 0.50161 0.09882 0.00000 0.00053 0.40388
0.00000 0.00000 0.00007 0.60423 0.00274 0.09915
0.00000 0.00000 0.00000 0.00000 0.79764 0.00000
