initial: 6
0.00000 0.10384 0.09671 0.21041 0.00000 0.58904

transition: 6
0.20209 0.20389 0.59394 0.00000 0.00007 0.00000
0.01250 0.28722 0.51225 0.00032 0.00006 0.18766
0.49530 0.00627 0.19651 0.30192 0.00000 0.00000
0.20082 0.00024 0.00098 0.59886 0.00000 0.19910
0.00000 0.10224 0.00000 0.00000 0.50134 0.39642
0.39715 0.00003 0.00000 0.00000 0.30289 0.29993

observation: 6
0.49461 0.69872 0.30241 0.10025 0.00001 0.09883
0.00178 0.00177 0.39937 0.09962 0.10266 0.09589
0.00000 0.29864 0.19988 0.19639 0.09764 0.30164
0.50361 0.00088 0.09823 0.00000 0.00220 0.40260
0.00000 0.00000 0.00010 0.60374 0.00189 0.10103
0.00000 0.00000 0.00000 0.00000 0.79560 0.00000
