initial: 6
0.50713 0.49287 0.00000 0.00000 0.00000 0.00000

transition: 6
0.29151 0.50896 0.00658 0.19260 0.00000 0.00035
0.00058 0.50247 0.19858 0.00000 0.00000 0.29838
0.00239 0.00019 0.20247 0.78881 0.00000 0.00614
0.00015 0.00098 0.00427 0.28118 0.51359 0.19983
0.00000 0.00000 0.00000 0.00000 0.50086 0.49914
0.59854 0.00000 0.20657 0.19489 0.00000 0.00000

observation: 6
0.00026 0.29929 0.00152 0.09976 0.29887 0.09846
0.10000 0.39611 0.00000 0.10135 0.00000 0.10055
0.40423 0.20028 0.48979 0.29586 0.30237 0.00000
0.49551 0.10432 0.50697 0.40304 0.00000 0.00000
0.00000 0.00000 0.00172 0.09999 0.00000 0.80099
0.00000 0.00000 0.00000 0.00000 0.39875 0.00000
